5.3126093364  8.88598797697
7.00749583859  11.9311856572
4.67371367381  10.8429902777
4.6919496602  6.92636160265
5.3666811565  4.5111006266
4.67116911757  2.84298497652
3.18005916093  2.33987849744
0.930247352071  2.75185805617
1.82084203607  5.25371346176
3.85203405464  6.8829451118
6.52975540453  8.05519036461
8.20576978127  7.39201539457
7.70109946034  5.7242973314
5.71507331503  5.47015977693
6.06537389073  6.80422290313
9.12520276933  8.06059754662
10.6135561234  8.02203161611
9.88220825072  6.81217464138
8.50475513947  6.14263828073
9.31265174567  7.39432139866
11.5684008524  8.14902087596
13.1663821711  7.15235000371
12.2458889513  6.2754323095
12.4216753782  10.8174651979
12.2471612294  6.52543496008
15.0786161855  7.90633382457
13.7717745099  6.11194457108
14.4274218344  7.44664383634
16.1462695745  7.70022476913
17.059341172  7.1187936683
15.9123824468  6.74140417095
16.564849076  7.45109680976
17.5201178978  7.66142028647
18.0894623565  7.03760642076
18.0462049004  6.03751630106
17.9516322268  9.95398594133
17.8519704407  5.37044497927
12.507978244  5.27597832886
19.225818764  5.33164049661
19.225818764  5.33164049661
