5.50561527836  6.79809020479
6.22881508618  6.39811422737
7.19127980301  6.09002462315
8.10509879287  6.86265089184
8.217524473  7.80944087442
7.527836166  9.0204792505
6.32430484656  9.46189418053
5.12545793045  9.31775869317
3.93273677257  8.40790342922
3.42646087322  6.6923908474
3.55690348928  5.38706384001
4.44694012372  4.13248453546
5.45120413188  3.5994835145
6.77112485737  3.60939282926
8.32670710468  4.1616119152
9.43799171221  5.25103597382
9.90318899766  7.10137529278
9.56807398955  8.99075130623
8.7169539367  10.3807579124
7.10948291394  11.3146357576
5.38922587232  11.34676596
3.99291333854  10.8858326827
2.80091285809  9.88589273917
1.8139451084  8.25686144976
1.50621584289  6.72301963846
1.60026424839  4.96696895081
2.33355354033  3.30580745901
3.54285027926  2.14371509219
6.02990811363  1.26148579665
7.98834904811  1.45636898685
